OH -75.658331
Cl -459.837402
1.50 -535.500638
1.60 -535.512822
1.70 -535.520381
1.80 -535.524798
1.85 -535.526158
1.90 -535.527082
1.95 -535.527650
2.00 -535.527924
2.05 -535.527959
2.10 -535.527799
2.15 -535.527482
2.20 -535.527038
2.30 -535.525872
2.40 -535.524468
2.50 -535.522941
2.60 -535.521373
2.70 -535.519818
2.80 -535.518312
2.90 -535.516879
3.00 -535.515529
3.10 -535.514271
3.20 -535.513104
3.30 -535.512026
3.40 -535.511035
3.50 -535.510124
3.60 -535.509288
3.70 -535.508522
3.80 -535.507818
3.90 -535.507172
4.00 -535.506578
4.10 -535.506029
4.20 -535.505523
4.30 -535.505054
4.40 -535.504618
4.50 -535.504213
4.60 -535.503835
4.70 -535.503482
4.80 -535.503152
4.90 -535.502843
5.00 -535.502554
5.10 -535.502282
5.20 -535.502027
5.30 -535.501787
5.40 -535.501561
5.50 -535.501348
5.60 -535.501147
5.70 -535.500957
5.80 -535.500777 